# This is a tab deliminted text file of NADS data
# U232(n,fission)? [endfb7b1]
# l	E (MeV)	E' (MeV)	Legendre coefficient
0.0	1.00002E-11	0.0	0.0
0.0	1.00002E-11	4.9705505E-6	0.0016867672
0.0	1.00002E-11	9.9411011E-6	0.00238544
0.0	1.00002E-11	1.9882202E-5	0.0033734959
0.0	1.00002E-11	3.9764404E-5	0.0047707708
0.0	1.00002E-11	7.9528809E-5	0.0067466829
0.0	1.00002E-11	1.5905762E-4	0.0095406681
0.0	1.00002E-11	3.1811523E-4	0.013490895
0.0	1.00002E-11	6.3623047E-4	0.01907435
0.0	1.00002E-11	0.0012724609	0.026962036
0.0	1.00002E-11	0.0019086914	0.033005495
0.0	1.00002E-11	0.0025449219	0.038092859
0.0	1.00002E-11	0.0038173828	0.046608495
0.0	1.00002E-11	0.0050898437	0.053766322
0.0	1.00002E-11	0.0076347656	0.06572154
0.0	1.00002E-11	0.010179687	0.075740622
0.0	1.00002E-11	0.012724609	0.084515359
0.0	1.00002E-11	0.015269531	0.09240129
0.0	1.00002E-11	0.020359375	0.10627985
0.0	1.00002E-11	0.025449219	0.11836123
0.0	1.00002E-11	0.030539062	0.12915275
0.0	1.00002E-11	0.04071875	0.14797218
0.0	1.00002E-11	0.050898437	0.16415048
0.0	1.00002E-11	0.061078125	0.17841849
0.0	1.00002E-11	0.0814375	0.20282589
0.0	1.00002E-11	0.10179687	0.22325055
0.0	1.00002E-11	0.12215625	0.24076719
0.0	1.00002E-11	0.162875	0.26946041
0.0	1.00002E-11	0.20359375	0.29199692
0.0	1.00002E-11	0.2443125	0.31002534
0.0	1.00002E-11	0.32575	0.33629713
0.0	1.00002E-11	0.4071875	0.35321144
0.0	1.00002E-11	0.488625	0.36348122
0.0	1.00002E-11	0.5700625	0.36881788
0.0	1.00002E-11	0.6515	0.37039451
0.0	1.00002E-11	0.76667002	0.36781124
0.0	1.00002E-11	0.88184003	0.36110133
0.0	1.00002E-11	1.1121801	0.33981973
0.0	1.00002E-11	1.5728601	0.28376564
0.0	1.00002E-11	2.1487083	0.21319218
0.0	1.00002E-11	2.4366323	0.18201679
0.0	1.00002E-11	2.7245564	0.15431148
0.0	1.00002E-11	3.0124804	0.13009073
0.0	1.00002E-11	3.3004045	0.1091696
0.0	1.00002E-11	3.5883286	0.091263715
0.0	1.00002E-11	3.8762526	0.076048732
0.0	1.00002E-11	4.1641767	0.063195246
0.0	1.00002E-11	4.4521007	0.052388532
0.0	1.00002E-11	4.7400248	0.043338906
0.0	1.00002E-11	5.0279489	0.035786313
0.0	1.00002E-11	5.3158729	0.029501407
0.0	1.00002E-11	5.603797	0.024284576
0.0	1.00002E-11	5.891721	0.019963851
0.0	1.00002E-11	6.1796451	0.016392262
0.0	1.00002E-11	6.7554932	0.011016749
0.0	1.00002E-11	7.3313413	0.0073770791
0.0	1.00002E-11	7.9071895	0.0049246071
0.0	1.00002E-11	8.4830376	0.0032787176
0.0	1.00002E-11	9.6347338	0.0014437226
0.0	1.00002E-11	10.78643	6.311584E-4
0.0	1.00002E-11	20.0	7.2996029E-7


0.0	0.0010	0.0	0.0
0.0	0.0010	4.9705505E-6	0.0016867672
0.0	0.0010	9.9411011E-6	0.00238544
0.0	0.0010	1.9882202E-5	0.0033734959
0.0	0.0010	3.9764404E-5	0.0047707708
0.0	0.0010	7.9528809E-5	0.0067466829
0.0	0.0010	1.5905762E-4	0.0095406681
0.0	0.0010	3.1811523E-4	0.013490895
0.0	0.0010	6.3623047E-4	0.01907435
0.0	0.0010	0.0012724609	0.026962036
0.0	0.0010	0.0019086914	0.033005495
0.0	0.0010	0.0025449219	0.038092859
0.0	0.0010	0.0038173828	0.046608495
0.0	0.0010	0.0050898437	0.053766322
0.0	0.0010	0.0076347656	0.06572154
0.0	0.0010	0.010179687	0.075740622
0.0	0.0010	0.012724609	0.084515359
0.0	0.0010	0.015269531	0.09240129
0.0	0.0010	0.020359375	0.10627985
0.0	0.0010	0.025449219	0.11836123
0.0	0.0010	0.030539062	0.12915275
0.0	0.0010	0.04071875	0.14797218
0.0	0.0010	0.050898437	0.16415048
0.0	0.0010	0.061078125	0.17841849
0.0	0.0010	0.0814375	0.20282589
0.0	0.0010	0.10179687	0.22325055
0.0	0.0010	0.12215625	0.24076719
0.0	0.0010	0.162875	0.26946041
0.0	0.0010	0.20359375	0.29199692
0.0	0.0010	0.2443125	0.31002534
0.0	0.0010	0.32575	0.33629713
0.0	0.0010	0.4071875	0.35321144
0.0	0.0010	0.488625	0.36348122
0.0	0.0010	0.5700625	0.36881788
0.0	0.0010	0.6515	0.37039451
0.0	0.0010	0.76667002	0.36781124
0.0	0.0010	0.88184003	0.36110133
0.0	0.0010	1.1121801	0.33981973
0.0	0.0010	1.5728601	0.28376564
0.0	0.0010	2.1487083	0.21319218
0.0	0.0010	2.4366323	0.18201679
0.0	0.0010	2.7245564	0.15431148
0.0	0.0010	3.0124804	0.13009073
0.0	0.0010	3.3004045	0.1091696
0.0	0.0010	3.5883286	0.091263715
0.0	0.0010	3.8762526	0.076048732
0.0	0.0010	4.1641767	0.063195246
0.0	0.0010	4.4521007	0.052388532
0.0	0.0010	4.7400248	0.043338906
0.0	0.0010	5.0279489	0.035786313
0.0	0.0010	5.3158729	0.029501407
0.0	0.0010	5.603797	0.024284576
0.0	0.0010	5.891721	0.019963851
0.0	0.0010	6.1796451	0.016392262
0.0	0.0010	6.7554932	0.011016749
0.0	0.0010	7.3313413	0.0073770791
0.0	0.0010	7.9071895	0.0049246071
0.0	0.0010	8.4830376	0.0032787176
0.0	0.0010	9.6347338	0.0014437226
0.0	0.0010	10.78643	6.311584E-4
0.0	0.0010	20.0	7.2996029E-7


0.0	0.01	0.0	0.0
0.0	0.01	4.9728394E-6	0.0016859838
0.0	0.01	9.9456787E-6	0.0023843321
0.0	0.01	1.9891357E-5	0.0033719291
0.0	0.01	3.9782715E-5	0.0047685551
0.0	0.01	7.956543E-5	0.0067435495
0.0	0.01	1.5913086E-4	0.009536237
0.0	0.01	3.1826172E-4	0.01348463
0.0	0.01	6.3652344E-4	0.019065491
0.0	0.01	0.0012730469	0.026949513
0.0	0.01	0.0019095703	0.032990166
0.0	0.01	0.0025460937	0.038075167
0.0	0.01	0.0038191406	0.046586848
0.0	0.01	0.0050921875	0.053741351
0.0	0.01	0.0076382812	0.065691016
0.0	0.01	0.010184375	0.075705444
0.0	0.01	0.012730469	0.084476106
0.0	0.01	0.015276562	0.092358374
0.0	0.01	0.02036875	0.10623049
0.0	0.01	0.025460937	0.11830626
0.0	0.01	0.030553125	0.12909276
0.0	0.01	0.0407375	0.14790346
0.0	0.01	0.050921875	0.16407424
0.0	0.01	0.06110625	0.17833563
0.0	0.01	0.081475	0.20273168
0.0	0.01	0.10184375	0.22314686
0.0	0.01	0.1222125	0.24065537
0.0	0.01	0.16295	0.26933526
0.0	0.01	0.2036875	0.29186131
0.0	0.01	0.244425	0.30988135
0.0	0.01	0.3259	0.33614094
0.0	0.01	0.407375	0.35304739
0.0	0.01	0.48885	0.3633124
0.0	0.01	0.570325	0.36864659
0.0	0.01	0.6518	0.37022248
0.0	0.01	0.76702305	0.36764041
0.0	0.01	0.8822461	0.36093362
0.0	0.01	1.1126922	0.33966191
0.0	0.01	1.5735844	0.28363385
0.0	0.01	2.1494099	0.21312595
0.0	0.01	2.4373226	0.1819764
0.0	0.01	2.7252354	0.15429164
0.0	0.01	3.0131481	0.13008657
0.0	0.01	3.3010609	0.10917692
0.0	0.01	3.5889736	0.091279033
0.0	0.01	3.8768863	0.076069274
0.0	0.01	4.1647991	0.063218852
0.0	0.01	4.4527118	0.052413566
0.0	0.01	4.7406246	0.04336417
0.0	0.01	5.0285373	0.035810957
0.0	0.01	5.3164501	0.029524857
0.0	0.01	5.6043628	0.02430647
0.0	0.01	5.8922756	0.019983987
0.0	0.01	6.1801883	0.016410556
0.0	0.01	6.7560138	0.011031419
0.0	0.01	7.3318393	0.0073884998
0.0	0.01	7.9076648	0.0049333008
0.0	0.01	8.4834902	0.0032852198
0.0	0.01	9.6351412	0.0014472166
0.0	0.01	10.786792	6.3296254E-4
0.0	0.01	20.0	7.3462494E-7


0.0	0.1	0.0	0.0
0.0	0.1	4.9785614E-6	0.0016840284
0.0	0.1	9.9571228E-6	0.0023815667
0.0	0.1	1.9914246E-5	0.0033680182
0.0	0.1	3.9828491E-5	0.0047630244
0.0	0.1	7.9656982E-5	0.0067357281
0.0	0.1	1.5931396E-4	0.0095251766
0.0	0.1	3.1862793E-4	0.01346899
0.0	0.1	6.3725586E-4	0.019043378
0.0	0.1	0.0012745117	0.026918257
0.0	0.1	0.0019117676	0.032951903
0.0	0.1	0.0025490234	0.038031006
0.0	0.1	0.0038235352	0.046532815
0.0	0.1	0.0050980469	0.05367902
0.0	0.1	0.0076470703	0.065614825
0.0	0.1	0.010196094	0.075617639
0.0	0.1	0.012745117	0.084378129
0.0	0.1	0.015294141	0.092251255
0.0	0.1	0.020392187	0.10610728
0.0	0.1	0.025490234	0.11816905
0.0	0.1	0.030588281	0.12894304
0.0	0.1	0.040784375	0.14773192
0.0	0.1	0.050980469	0.16388395
0.0	0.1	0.061176562	0.17812879
0.0	0.1	0.08156875	0.20249655
0.0	0.1	0.10196094	0.22288805
0.0	0.1	0.12235312	0.24037625
0.0	0.1	0.1631375	0.26902288
0.0	0.1	0.20392187	0.2915228
0.0	0.1	0.24470625	0.30952194
0.0	0.1	0.326275	0.33575107
0.0	0.1	0.40784375	0.35263792
0.0	0.1	0.4894125	0.36289103
0.0	0.1	0.57098125	0.36821902
0.0	0.1	0.65255	0.36979309
0.0	0.1	0.76790563	0.36721401
0.0	0.1	0.88326127	0.360515
0.0	0.1	1.1139725	0.33926796
0.0	0.1	1.5753951	0.28330488
0.0	0.1	2.151164	0.2129605
0.0	0.1	2.4390484	0.18187542
0.0	0.1	2.7269329	0.15424195
0.0	0.1	3.0148173	0.13007604
0.0	0.1	3.3027018	0.10919505
0.0	0.1	3.5905862	0.091317173
0.0	0.1	3.8784707	0.076120482
0.0	0.1	4.1663551	0.063277733
0.0	0.1	4.4542396	0.05247604
0.0	0.1	4.742124	0.043427239
0.0	0.1	5.0300085	0.035872497
0.0	0.1	5.3178929	0.029583431
0.0	0.1	5.6057774	0.024361171
0.0	0.1	5.8936618	0.020034308
0.0	0.1	6.1815463	0.016456285
0.0	0.1	6.7573152	0.011068106
0.0	0.1	7.3330841	0.0074170729
0.0	0.1	7.908853	0.0049550604
0.0	0.1	8.4846219	0.0033015011
0.0	0.1	9.6361597	0.0014559725
0.0	0.1	10.787698	6.3748729E-4
0.0	0.1	20.0	7.4639718E-7


0.0	1.0	0.0	0.0
0.0	1.0	5.0388336E-6	0.0016636946
0.0	1.0	1.0077667E-5	0.0023528105
0.0	1.0	2.0155334E-5	0.0033273511
0.0	1.0	4.0310669E-5	0.0047055133
0.0	1.0	8.0621338E-5	0.0066543976
0.0	1.0	1.6124268E-4	0.009410165
0.0	1.0	3.2248535E-4	0.013306359
0.0	1.0	6.449707E-4	0.018813439
0.0	1.0	0.0012899414	0.026593233
0.0	1.0	0.0019349121	0.032554026
0.0	1.0	0.0025798828	0.037571801
0.0	1.0	0.0038698242	0.045970955
0.0	1.0	0.0051597656	0.053030874
0.0	1.0	0.0077396484	0.06482256
0.0	1.0	0.010319531	0.074704595
0.0	1.0	0.012899414	0.083359306
0.0	1.0	0.015479297	0.091137368
0.0	1.0	0.020639062	0.10482609
0.0	1.0	0.025798828	0.11674222
0.0	1.0	0.030958594	0.12738611
0.0	1.0	0.041278125	0.14594813
0.0	1.0	0.051597656	0.16190513
0.0	1.0	0.061917187	0.17597797
0.0	1.0	0.08255625	0.20005151
0.0	1.0	0.10319531	0.22019679
0.0	1.0	0.12383437	0.23747383
0.0	1.0	0.1651125	0.26577457
0.0	1.0	0.20639062	0.28800281
0.0	1.0	0.24766875	0.30578463
0.0	1.0	0.330225	0.33169705
0.0	1.0	0.41278125	0.34838
0.0	1.0	0.4953375	0.3585093
0.0	1.0	0.57789375	0.36377296
0.0	1.0	0.66045	0.36532802
0.0	1.0	0.77720217	0.36278009
0.0	1.0	0.89395434	0.35616197
0.0	1.0	1.1274587	0.33517147
0.0	1.0	1.5944673	0.27988412
0.0	1.0	2.1696402	0.21122973
0.0	1.0	2.4572267	0.1808128
0.0	1.0	2.7448131	0.1537122
0.0	1.0	3.0323996	0.12995426
0.0	1.0	3.319986	0.10937317
0.0	1.0	3.6075725	0.091705542
0.0	1.0	3.8951589	0.076647151
0.0	1.0	4.1827454	0.063886561
0.0	1.0	4.4703318	0.053124401
0.0	1.0	4.7579183	0.044083699
0.0	1.0	5.0455047	0.036514657
0.0	1.0	5.3330912	0.030196026
0.0	1.0	5.6206776	0.024934462
0.0	1.0	5.9082641	0.02056274
0.0	1.0	6.1958505	0.016937405
0.0	1.0	6.7710234	0.011455507
0.0	1.0	7.3461963	0.0077198553
0.0	1.0	7.9213692	0.0051864329
0.0	1.0	8.4965421	0.0034752055
0.0	1.0	9.6468879	0.00155001
0.0	1.0	10.797234	6.8640212E-4
0.0	1.0	20.0	8.8041876E-7


0.0	10.0	0.0	0.0
0.0	10.0	5.544281E-6	0.0015151193
0.0	10.0	1.1088562E-5	0.0021426942
0.0	10.0	2.2177124E-5	0.003030204
0.0	10.0	4.4354248E-5	0.0042852902
0.0	10.0	8.8708496E-5	0.0060601306
0.0	10.0	1.7741699E-4	0.0085697958
0.0	10.0	3.5483398E-4	0.012118042
0.0	10.0	7.0966797E-4	0.017133316
0.0	10.0	0.0014193359	0.02421834
0.0	10.0	0.0021290039	0.029646808
0.0	10.0	0.0028386719	0.034216474
0.0	10.0	0.0042580078	0.041865546
0.0	10.0	0.0056773438	0.048294983
0.0	10.0	0.0085160156	0.05903362
0.0	10.0	0.011354688	0.068033145
0.0	10.0	0.014193359	0.075914953
0.0	10.0	0.017032031	0.082998399
0.0	10.0	0.022709375	0.095464658
0.0	10.0	0.028386719	0.10631662
0.0	10.0	0.034064062	0.11600997
0.0	10.0	0.04541875	0.13291432
0.0	10.0	0.056773437	0.14744629
0.0	10.0	0.068128125	0.16026237
0.0	10.0	0.0908375	0.18218603
0.0	10.0	0.11354687	0.20053225
0.0	10.0	0.13625625	0.21626637
0.0	10.0	0.181675	0.24203973
0.0	10.0	0.22709375	0.26228289
0.0	10.0	0.2725125	0.27847671
0.0	10.0	0.36335	0.30207504
0.0	10.0	0.4541875	0.31726813
0.0	10.0	0.545025	0.32649284
0.0	10.0	0.6358625	0.33128644
0.0	10.0	0.7267	0.33270262
0.0	10.0	0.85516362	0.33038223
0.0	10.0	0.98362725	0.32435513
0.0	10.0	1.2405545	0.30523918
0.0	10.0	1.754409	0.25488923
0.0	10.0	2.3245837	0.19819066
0.0	10.0	2.6096711	0.17259004
0.0	10.0	2.8947584	0.14939679
0.0	10.0	3.1798458	0.12869165
0.0	10.0	3.4649332	0.11040965
0.0	10.0	3.7500205	0.094403628
0.0	10.0	4.0351079	0.080484397
0.0	10.0	4.3201952	0.068445998
0.0	10.0	4.6052826	0.058081359
0.0	10.0	4.8903699	0.04919169
0.0	10.0	5.1754573	0.04159178
0.0	10.0	5.4605447	0.035112632
0.0	10.0	5.745632	0.029602375
0.0	10.0	6.0307194	0.024926108
0.0	10.0	6.3158067	0.020965083
0.0	10.0	6.8859815	0.014787324
0.0	10.0	7.4561562	0.010394143
0.0	10.0	8.0263309	0.007284743
0.0	10.0	8.5965056	0.005092619
0.0	10.0	9.7368551	0.0024730824
0.0	10.0	10.877204	0.0011927156
0.0	10.0	13.157903	2.7313016E-4
0.0	10.0	15.438602	6.1599665E-5
0.0	10.0	20.0	3.0393832E-6


0.0	20.0	0.0	0.0
0.0	20.0	6.2225342E-6	0.0013496214
0.0	20.0	1.2445068E-5	0.0019086457
0.0	20.0	2.4890137E-5	0.002699212
0.0	20.0	4.9780273E-5	0.003817204
0.0	20.0	9.9560547E-5	0.0053981769
0.0	20.0	1.9912109E-4	0.007633709
0.0	20.0	3.9824219E-4	0.010794377
0.0	20.0	7.9648437E-4	0.015261828
0.0	20.0	0.0015929687	0.021572948
0.0	20.0	0.0023894531	0.026408459
0.0	20.0	0.0031859375	0.030478976
0.0	20.0	0.0047789063	0.037292534
0.0	20.0	0.006371875	0.043019677
0.0	20.0	0.0095578125	0.052585322
0.0	20.0	0.01274375	0.060601821
0.0	20.0	0.015929688	0.067622691
0.0	20.0	0.019115625	0.073932407
0.0	20.0	0.0254875	0.085036964
0.0	20.0	0.031859375	0.094703557
0.0	20.0	0.03823125	0.1033381
0.0	20.0	0.050975	0.11839596
0.0	20.0	0.06371875	0.13134059
0.0	20.0	0.0764625	0.14275676
0.0	20.0	0.10195	0.16228568
0.0	20.0	0.1274375	0.17862792
0.0	20.0	0.152925	0.19264339
0.0	20.0	0.2039	0.2156015
0.0	20.0	0.254875	0.23363349
0.0	20.0	0.30585	0.24805844
0.0	20.0	0.4078	0.2690791
0.0	20.0	0.50975	0.28261263
0.0	20.0	0.6117	0.29082972
0.0	20.0	0.71365	0.29509971
0.0	20.0	0.8156	0.2963612
0.0	20.0	0.95977907	0.29429427
0.0	20.0	1.1039581	0.28892552
0.0	20.0	1.3923163	0.27189762
0.0	20.0	1.9690326	0.22704744
0.0	20.0	2.5325003	0.18228291
0.0	20.0	3.095968	0.14267585
0.0	20.0	3.3777019	0.12538726
0.0	20.0	3.6594358	0.10980961
0.0	20.0	3.9411696	0.095881843
0.0	20.0	4.2229035	0.083506428
0.0	20.0	4.5046374	0.072566264
0.0	20.0	4.7863712	0.062935916
0.0	20.0	5.0681051	0.054488982
0.0	20.0	5.349839	0.047102804
0.0	20.0	5.6315728	0.040661349
0.0	20.0	5.9133067	0.035056831
0.0	20.0	6.1950406	0.030190482
0.0	20.0	6.4767744	0.025972747
0.0	20.0	7.0402422	0.019169612
0.0	20.0	7.6037099	0.01410306
0.0	20.0	8.1671776	0.010347075
0.0	20.0	8.7306454	0.0075733116
0.0	20.0	9.8575808	0.0040328299
0.0	20.0	10.984516	0.0021334245
0.0	20.0	13.238387	5.8820474E-4
0.0	20.0	15.492258	1.5980579E-4
0.0	20.0	20.0	1.1452452E-5

