iAZ(Z,m): Mass numbers for each Z
    8   80: minZ & maxZ
    8    1   15
    8    2   16
    8    3   17
    8    4   18
    8    5   19
    8    6   20
    9    1   16
    9    2   17
    9    3   18
    9    4   19
    9    5   20
    9    6   21
    9    7   22
   10    1   18
   10    2   19
   10    3   20
   10    4   21
   10    5   22
   10    6   23
   10    7   24
   11    1   20
   11    2   21
   11    3   22
   11    4   23
   11    5   24
   11    6   25
   11    7   26
   11    8   27
   12    1   21
   12    2   22
   12    3   23
   12    4   24
   12    5   25
   12    6   26
   12    7   27
   12    8   28
   13    1   24
   13    2   25
   13    3   26
   13    4   27
   13    5   28
   13    6   29
   13    7   30
   14    1   26
   14    2   27
   14    3   28
   14    4   29
   14    5   30
   14    6   31
   14    7   32
   15    1   28
   15    2   29
   15    3   30
   15    4   31
   15    5   32
   15    6   33
   15    7   35
   16    1   30
   16    2   31
   16    3   32
   16    4   33
   16    5   34
   16    6   35
   16    7   36
   16    8   37
   17    1   31
   17    2   32
   17    3   33
   17    4   34
   17    5   35
   17    6   36
   17    7   37
   17    8   38
   17    9   39
   18    1   34
   18    2   35
   18    3   36
   18    4   37
   18    5   38
   18    6   39
   18    7   40
   18    8   41
   18    9   42
   18   10   45
   19    1   37
   19    2   38
   19    3   39
   19    4   40
   19    5   41
   19    6   42
   19    7   43
   19    8   45
   19    9   47
   20    1   38
   20    2   39
   20    3   40
   20    4   41
   20    5   42
   20    6   43
   20    7   44
   20    8   45
   20    9   46
   20   10   47
   20   11   48
   20   12   49
   20   13   50
   21    1   40
   21    2   41
   21    3   42
   21    4   43
   21    5   44
   21    6   45
   21    7   46
   21    8   47
   21    9   48
   21   10   49
   21   11   50
   21   12   51
   22    1   42
   22    2   44
   22    3   45
   22    4   46
   22    5   47
   22    6   48
   22    7   49
   22    8   50
   22    9   51
   22   10   52
   23    1   45
   23    2   46
   23    3   47
   23    4   48
   23    5   49
   23    6   50
   23    7   51
   23    8   52
   23    9   53
   23   10   54
   24    1   46
   24    2   47
   24    3   48
   24    4   49
   24    5   50
   24    6   51
   24    7   52
   24    8   53
   24    9   54
   24   10   55
   24   11   56
   24   12   57
   25    1   50
   25    2   51
   25    3   52
   25    4   53
   25    5   54
   25    6   55
   25    7   56
   25    8   57
   25    9   58
   26    1   51
   26    2   52
   26    3   53
   26    4   54
   26    5   55
   26    6   56
   26    7   57
   26    8   58
   26    9   59
   26   10   60
   26   11   62
   27    1   54
   27    2   55
   27    3   56
   27    4   57
   27    5   58
   27    6   59
   27    7   60
   27    8   61
   27    9   62
   27   10   63
   27   11   64
   27   12   65
   28    1   55
   28    2   56
   28    3   57
   28    4   58
   28    5   59
   28    6   60
   28    7   61
   28    8   62
   28    9   63
   28   10   64
   28   11   65
   28   12   66
   28   13   68
   29    1   58
   29    2   59
   29    3   60
   29    4   61
   29    5   62
   29    6   63
   29    7   64
   29    8   65
   29    9   66
   29   10   67
   29   11   69
   29   12   71
   30    1   60
   30    2   61
   30    3   62
   30    4   63
   30    5   64
   30    6   65
   30    7   66
   30    8   67
   30    9   68
   30   10   69
   30   11   70
   30   12   71
   30   13   72
   30   14   74
   31    1   63
   31    2   64
   31    3   65
   31    4   66
   31    5   67
   31    6   68
   31    7   69
   31    8   70
   31    9   71
   31   10   72
   31   11   73
   31   12   75
   31   13   76
   31   14   77
   31   15   78
   31   16   79
   32    1   64
   32    2   65
   32    3   66
   32    4   67
   32    5   68
   32    6   69
   32    7   70
   32    8   71
   32    9   72
   32   10   73
   32   11   74
   32   12   75
   32   13   76
   32   14   77
   32   15   78
   32   16   79
   32   17   80
   32   18   81
   33    1   68
   33    2   69
   33    3   70
   33    4   71
   33    5   72
   33    6   73
   33    7   74
   33    8   75
   33    9   76
   33   10   77
   33   11   78
   33   12   79
   33   13   80
   33   14   81
   33   15   83
   34    1   69
   34    2   70
   34    3   71
   34    4   72
   34    5   73
   34    6   74
   34    7   75
   34    8   76
   34    9   77
   34   10   78
   34   11   79
   34   12   80
   34   13   81
   34   14   82
   34   15   83
   34   16   84
   35    1   70
   35    2   71
   35    3   72
   35    4   73
   35    5   74
   35    6   75
   35    7   76
   35    8   77
   35    9   78
   35   10   79
   35   11   80
   35   12   81
   35   13   82
   35   14   83
   35   15   85
   35   16   86
   36    1   72
   36    2   73
   36    3   74
   36    4   75
   36    5   76
   36    6   77
   36    7   78
   36    8   79
   36    9   80
   36   10   81
   36   11   82
   36   12   83
   36   13   84
   36   14   85
   36   15   86
   36   16   87
   36   17   88
   36   18   89
   36   19   90
   36   20   91
   36   21   92
   37    1   74
   37    2   75
   37    3   77
   37    4   78
   37    5   79
   37    6   80
   37    7   81
   37    8   82
   37    9   83
   37   10   84
   37   11   85
   37   12   86
   37   13   87
   37   14   88
   37   15   89
   37   16   90
   37   17   91
   37   18   92
   37   19   93
   37   20   94
   38    1   77
   38    2   78
   38    3   79
   38    4   80
   38    5   81
   38    6   82
   38    7   83
   38    8   84
   38    9   85
   38   10   86
   38   11   87
   38   12   88
   38   13   89
   38   14   90
   38   15   91
   38   16   92
   38   17   93
   38   18   94
   38   19   95
   38   20   96
   38   21   97
   38   22   98
   38   23   99
   38   24  100
   39    1   80
   39    2   81
   39    3   82
   39    4   83
   39    5   84
   39    6   85
   39    7   86
   39    8   87
   39    9   88
   39   10   89
   39   11   90
   39   12   91
   39   13   93
   39   14   94
   39   15   95
   39   16   97
   39   17   98
   39   18   99
   39   19  100
   39   20  101
   40    1   81
   40    2   82
   40    3   83
   40    4   84
   40    5   86
   40    6   87
   40    7   88
   40    8   89
   40    9   90
   40   10   91
   40   11   92
   40   12   93
   40   13   94
   40   14   95
   40   15   96
   40   16   97
   40   17   98
   40   18   99
   40   19  100
   40   20  101
   40   21  102
   41    1   84
   41    2   86
   41    3   87
   41    4   88
   41    5   89
   41    6   90
   41    7   91
   41    8   92
   41    9   93
   41   10   94
   41   11   95
   41   12   96
   41   13   97
   41   14   99
   41   15  101
   41   16  103
   42    1   86
   42    2   87
   42    3   88
   42    4   89
   42    5   90
   42    6   91
   42    7   92
   42    8   93
   42    9   94
   42   10   95
   42   11   96
   42   12   97
   42   13   98
   42   14   99
   42   15  100
   42   16  101
   42   17  102
   42   18  103
   42   19  104
   42   20  105
   42   21  106
   42   22  107
   42   23  108
   43    1   89
   43    2   90
   43    3   91
   43    4   92
   43    5   93
   43    6   94
   43    7   95
   43    8   96
   43    9   97
   43   10   98
   43   11   99
   43   12  100
   43   13  101
   43   14  102
   43   15  103
   43   16  104
   43   17  105
   43   18  107
   43   19  108
   43   20  109
   44    1   91
   44    2   92
   44    3   93
   44    4   94
   44    5   95
   44    6   96
   44    7   97
   44    8   98
   44    9   99
   44   10  100
   44   11  101
   44   12  102
   44   13  103
   44   14  104
   44   15  105
   44   16  106
   44   17  107
   44   18  108
   44   19  109
   44   20  110
   44   21  111
   44   22  112
   45    1   92
   45    2   93
   45    3   95
   45    4   96
   45    5   97
   45    6   98
   45    7   99
   45    8  100
   45    9  101
   45   10  102
   45   11  103
   45   12  104
   45   13  105
   45   14  106
   45   15  107
   45   16  109
   45   17  111
   45   18  113
   46    1   95
   46    2   97
   46    3   98
   46    4   99
   46    5  100
   46    6  101
   46    7  102
   46    8  103
   46    9  104
   46   10  105
   46   11  106
   46   12  107
   46   13  108
   46   14  109
   46   15  110
   46   16  111
   46   17  113
   46   18  114
   46   19  115
   46   20  116
   46   21  118
   47    1   98
   47    2   99
   47    3  100
   47    4  101
   47    5  102
   47    6  103
   47    7  104
   47    8  105
   47    9  106
   47   10  107
   47   11  108
   47   12  109
   47   13  110
   47   14  111
   47   15  115
   48    1  100
   48    2  101
   48    3  102
   48    4  103
   48    5  104
   48    6  105
   48    7  106
   48    8  107
   48    9  108
   48   10  109
   48   11  110
   48   12  111
   48   13  112
   48   14  113
   48   15  114
   48   16  115
   48   17  116
   48   18  117
   48   19  118
   48   20  119
   48   21  120
   48   22  121
   48   23  122
   48   24  123
   49    1  102
   49    2  103
   49    3  104
   49    4  105
   49    5  106
   49    6  107
   49    7  108
   49    8  109
   49    9  110
   49   10  111
   49   11  112
   49   12  113
   49   13  114
   49   14  115
   49   15  116
   49   16  117
   49   17  119
   49   18  121
   49   19  123
   49   20  125
   49   21  127
   50    1  104
   50    2  105
   50    3  106
   50    4  107
   50    5  108
   50    6  109
   50    7  110
   50    8  111
   50    9  112
   50   10  113
   50   11  114
   50   12  115
   50   13  116
   50   14  117
   50   15  118
   50   16  119
   50   17  120
   50   18  121
   50   19  122
   50   20  123
   50   21  124
   50   22  125
   50   23  126
   50   24  127
   50   25  128
   50   26  130
   50   27  131
   50   28  132
   51    1  106
   51    2  107
   51    3  108
   51    4  109
   51    5  110
   51    6  111
   51    7  112
   51    8  113
   51    9  114
   51   10  115
   51   11  116
   51   12  117
   51   13  118
   51   14  119
   51   15  120
   51   16  121
   51   17  122
   51   18  123
   51   19  124
   51   20  127
   51   21  129
   51   22  130
   51   23  131
   51   24  132
   51   25  133
   51   26  134
   51   27  135
   52    1  108
   52    2  109
   52    3  110
   52    4  111
   52    5  112
   52    6  113
   52    7  114
   52    8  115
   52    9  116
   52   10  117
   52   11  118
   52   12  119
   52   13  120
   52   14  121
   52   15  122
   52   16  123
   52   17  124
   52   18  125
   52   19  126
   52   20  127
   52   21  128
   52   22  129
   52   23  131
   52   24  132
   52   25  133
   52   26  134
   52   27  135
   52   28  136
   53    1  110
   53    2  111
   53    3  113
   53    4  114
   53    5  115
   53    6  116
   53    7  117
   53    8  118
   53    9  119
   53   10  120
   53   11  121
   53   12  122
   53   13  123
   53   14  124
   53   15  125
   53   16  126
   53   17  127
   53   18  128
   53   19  129
   53   20  130
   53   21  131
   53   22  133
   53   23  135
   54    1  113
   54    2  114
   54    3  115
   54    4  116
   54    5  117
   54    6  118
   54    7  119
   54    8  120
   54    9  121
   54   10  122
   54   11  123
   54   12  124
   54   13  125
   54   14  126
   54   15  127
   54   16  128
   54   17  129
   54   18  130
   54   19  131
   54   20  132
   54   21  133
   54   22  134
   54   23  135
   54   24  136
   54   25  137
   54   26  138
   54   27  139
   54   28  140
   54   29  142
   55    1  117
   55    2  120
   55    3  121
   55    4  122
   55    5  123
   55    6  124
   55    7  125
   55    8  126
   55    9  127
   55   10  129
   55   11  130
   55   12  131
   55   13  132
   55   14  133
   55   15  134
   55   16  137
   55   17  138
   55   18  139
   55   19  140
   55   20  141
   55   21  142
   55   22  143
   56    1  119
   56    2  120
   56    3  121
   56    4  122
   56    5  123
   56    6  124
   56    7  125
   56    8  126
   56    9  127
   56   10  128
   56   11  129
   56   12  130
   56   13  131
   56   14  132
   56   15  133
   56   16  134
   56   17  135
   56   18  136
   56   19  137
   56   20  138
   56   21  139
   56   22  140
   56   23  141
   56   24  142
   56   25  143
   56   26  144
   56   27  145
   56   28  146
   56   29  147
   57    1  123
   57    2  124
   57    3  125
   57    4  126
   57    5  127
   57    6  128
   57    7  129
   57    8  130
   57    9  131
   57   10  132
   57   11  133
   57   12  134
   57   13  135
   57   14  136
   57   15  137
   57   16  138
   57   17  139
   57   18  140
   57   19  141
   57   20  142
   57   21  143
   57   22  144
   57   23  145
   57   24  146
   57   25  147
   57   26  148
   58    1  124
   58    2  126
   58    3  127
   58    4  128
   58    5  129
   58    6  130
   58    7  131
   58    8  132
   58    9  133
   58   10  134
   58   11  135
   58   12  136
   58   13  137
   58   14  138
   58   15  139
   58   16  140
   58   17  141
   58   18  142
   58   19  143
   58   20  144
   58   21  145
   58   22  146
   58   23  147
   58   24  148
   58   25  149
   59    1  125
   59    2  126
   59    3  127
   59    4  128
   59    5  129
   59    6  130
   59    7  131
   59    8  132
   59    9  133
   59   10  135
   59   11  136
   59   12  137
   59   13  138
   59   14  139
   59   15  140
   59   16  141
   59   17  142
   59   18  143
   59   19  145
   59   20  147
   59   21  149
   60    1  129
   60    2  130
   60    3  131
   60    4  132
   60    5  133
   60    6  134
   60    7  135
   60    8  136
   60    9  137
   60   10  138
   60   11  139
   60   12  140
   60   13  141
   60   14  142
   60   15  143
   60   16  144
   60   17  145
   60   18  146
   60   19  147
   60   20  148
   60   21  149
   60   22  150
   60   23  152
   60   24  154
   61    1  133
   61    2  135
   61    3  136
   61    4  137
   61    5  139
   61    6  141
   61    7  142
   61    8  143
   61    9  144
   61   10  145
   61   11  146
   61   12  147
   61   13  148
   61   14  149
   61   15  151
   61   16  153
   61   17  154
   61   18  155
   62    1  135
   62    2  136
   62    3  137
   62    4  138
   62    5  139
   62    6  140
   62    7  141
   62    8  142
   62    9  143
   62   10  144
   62   11  145
   62   12  146
   62   13  147
   62   14  148
   62   15  149
   62   16  150
   62   17  151
   62   18  152
   62   19  153
   62   20  154
   62   21  155
   62   22  156
   63    1  139
   63    2  141
   63    3  142
   63    4  143
   63    5  144
   63    6  145
   63    7  146
   63    8  147
   63    9  148
   63   10  149
   63   11  150
   63   12  151
   63   13  152
   63   14  153
   63   15  154
   63   16  155
   63   17  156
   63   18  157
   63   19  159
   64    1  138
   64    2  139
   64    3  140
   64    4  141
   64    5  142
   64    6  143
   64    7  144
   64    8  145
   64    9  146
   64   10  147
   64   11  148
   64   12  149
   64   13  150
   64   14  151
   64   15  152
   64   16  153
   64   17  154
   64   18  155
   64   19  156
   64   20  157
   64   21  158
   64   22  159
   64   23  160
   64   24  161
   64   25  162
   65    1  142
   65    2  143
   65    3  144
   65    4  146
   65    5  147
   65    6  148
   65    7  149
   65    8  150
   65    9  151
   65   10  152
   65   11  153
   65   12  154
   65   13  155
   65   14  157
   65   15  158
   65   16  159
   65   17  160
   65   18  161
   65   19  163
   66    1  143
   66    2  146
   66    3  147
   66    4  148
   66    5  149
   66    6  150
   66    7  151
   66    8  152
   66    9  153
   66   10  154
   66   11  155
   66   12  156
   66   13  157
   66   14  158
   66   15  159
   66   16  160
   66   17  161
   66   18  162
   66   19  163
   66   20  164
   66   21  165
   66   22  166
   67    1  147
   67    2  148
   67    3  149
   67    4  151
   67    5  152
   67    6  153
   67    7  155
   67    8  157
   67    9  158
   67   10  159
   67   11  161
   67   12  162
   67   13  163
   67   14  164
   67   15  165
   67   16  166
   67   17  167
   67   18  169
   68    1  148
   68    2  150
   68    3  151
   68    4  152
   68    5  153
   68    6  154
   68    7  155
   68    8  156
   68    9  158
   68   10  159
   68   11  160
   68   12  161
   68   13  162
   68   14  163
   68   15  164
   68   16  165
   68   17  166
   68   18  167
   68   19  168
   68   20  169
   68   21  170
   68   22  171
   68   23  172
   69    1  151
   69    2  153
   69    3  159
   69    4  161
   69    5  162
   69    6  163
   69    7  164
   69    8  165
   69    9  166
   69   10  167
   69   11  168
   69   12  169
   69   13  170
   69   14  171
   69   15  173
   69   16  175
   70    1  154
   70    2  156
   70    3  157
   70    4  158
   70    5  159
   70    6  160
   70    7  161
   70    8  162
   70    9  163
   70   10  164
   70   11  165
   70   12  166
   70   13  167
   70   14  168
   70   15  169
   70   16  170
   70   17  171
   70   18  172
   70   19  173
   70   20  174
   70   21  175
   70   22  176
   70   23  177
   70   24  178
   71    1  157
   71    2  159
   71    3  160
   71    4  161
   71    5  163
   71    6  165
   71    7  166
   71    8  167
   71    9  168
   71   10  169
   71   11  170
   71   12  171
   71   13  172
   71   14  173
   71   15  174
   71   16  175
   71   17  176
   71   18  177
   71   19  178
   71   20  179
   72    1  157
   72    2  158
   72    3  160
   72    4  162
   72    5  163
   72    6  164
   72    7  165
   72    8  166
   72    9  167
   72   10  168
   72   11  169
   72   12  170
   72   13  171
   72   14  172
   72   15  173
   72   16  174
   72   17  175
   72   18  176
   72   19  177
   72   20  178
   72   21  179
   72   22  180
   72   23  181
   72   24  182
   73    1  163
   73    2  164
   73    3  165
   73    4  166
   73    5  167
   73    6  169
   73    7  170
   73    8  171
   73    9  172
   73   10  173
   73   11  174
   73   12  175
   73   13  176
   73   14  177
   73   15  178
   73   16  179
   73   17  180
   73   18  181
   73   19  182
   73   20  183
   73   21  185
   74    1  163
   74    2  166
   74    3  167
   74    4  168
   74    5  169
   74    6  170
   74    7  171
   74    8  172
   74    9  173
   74   10  174
   74   11  175
   74   12  176
   74   13  177
   74   14  178
   74   15  179
   74   16  180
   74   17  181
   74   18  182
   74   19  183
   74   20  184
   74   21  185
   74   22  186
   74   23  187
   74   24  188
   75    1  169
   75    2  171
   75    3  173
   75    4  174
   75    5  175
   75    6  176
   75    7  177
   75    8  178
   75    9  179
   75   10  181
   75   11  182
   75   12  183
   75   13  184
   75   14  185
   75   15  186
   75   16  187
   75   17  188
   75   18  189
   75   19  191
   76    1  167
   76    2  168
   76    3  170
   76    4  171
   76    5  172
   76    6  173
   76    7  174
   76    8  175
   76    9  176
   76   10  177
   76   11  178
   76   12  179
   76   13  180
   76   14  181
   76   15  182
   76   16  183
   76   17  184
   76   18  185
   76   19  186
   76   20  187
   76   21  188
   76   22  189
   76   23  190
   76   24  191
   76   25  192
   76   26  193
   77    1  169
   77    2  171
   77    3  173
   77    4  175
   77    5  176
   77    6  177
   77    7  179
   77    8  181
   77    9  182
   77   10  183
   77   11  184
   77   12  185
   77   13  186
   77   14  187
   77   15  188
   77   16  189
   77   17  190
   77   18  191
   77   19  192
   77   20  193
   77   21  194
   77   22  195
   77   23  197
   78    1  176
   78    2  177
   78    3  178
   78    4  179
   78    5  180
   78    6  181
   78    7  182
   78    8  183
   78    9  184
   78   10  185
   78   11  186
   78   12  187
   78   13  188
   78   14  189
   78   15  190
   78   16  191
   78   17  192
   78   18  193
   78   19  194
   78   20  195
   78   21  196
   78   22  197
   78   23  198
   78   24  199
   79    1  176
   79    2  177
   79    3  179
   79    4  181
   79    5  182
   79    6  183
   79    7  184
   79    8  185
   79    9  186
   79   10  187
   79   11  189
   79   12  191
   79   13  192
   79   14  193
   79   15  194
   79   16  195
   79   17  196
   79   18  197
   79   19  198
   79   20  199
   79   21  201
   80    1  178
   80    2  179
   80    3  180
   80    4  181
   80    5  182
   80    6  183
   80    7  184
   80    8  185
   80    9  186
   80   10  187
   80   11  188
   80   12  190
   80   13  191
   80   14  192
   80   15  193
   80   16  194
   80   17  195
   80   18  196
   80   19  197
   80   20  198
   80   21  199
   80   22  200
   80   23  201
   80   24  202
   80   25  203
   80   26  204
   80   27  205
