Index for nucleus (Z,A)
    8   80: minZ & maxZ
    8    1    1
    8    2    2
    8    3    3
    8    4    4
    8    5    5
    8    6    6
    9    1    7
    9    2    8
    9    3    9
    9    4   10
    9    5   11
    9    6   12
    9    7   13
   10    1   14
   10    2   15
   10    3   16
   10    4   17
   10    5   18
   10    6   19
   10    7   20
   11    1   21
   11    2   22
   11    3   23
   11    4   24
   11    5   25
   11    6   26
   11    7   27
   11    8   28
   12    1   29
   12    2   30
   12    3   31
   12    4   32
   12    5   33
   12    6   34
   12    7   35
   12    8   36
   13    1   37
   13    2   38
   13    3   39
   13    4   40
   13    5   41
   13    6   42
   13    7   43
   14    1   44
   14    2   45
   14    3   46
   14    4   47
   14    5   48
   14    6   49
   14    7   50
   15    1   51
   15    2   52
   15    3   53
   15    4   54
   15    5   55
   15    6   56
   15    7    0
   15    8   57
   16    1   58
   16    2   59
   16    3   60
   16    4   61
   16    5   62
   16    6   63
   16    7   64
   16    8   65
   17    1   66
   17    2   67
   17    3   68
   17    4   69
   17    5   70
   17    6   71
   17    7   72
   17    8   73
   17    9   74
   18    1   75
   18    2   76
   18    3   77
   18    4   78
   18    5   79
   18    6   80
   18    7   81
   18    8   82
   18    9   83
   18   10    0
   18   11    0
   18   12   84
   19    1   85
   19    2   86
   19    3   87
   19    4   88
   19    5   89
   19    6   90
   19    7   91
   19    8    0
   19    9   92
   19   10    0
   19   11   93
   20    1   94
   20    2   95
   20    3   96
   20    4   97
   20    5   98
   20    6   99
   20    7  100
   20    8  101
   20    9  102
   20   10  103
   20   11  104
   20   12  105
   20   13  106
   21    1  107
   21    2  108
   21    3  109
   21    4  110
   21    5  111
   21    6  112
   21    7  113
   21    8  114
   21    9  115
   21   10  116
   21   11  117
   21   12  118
   22    1  119
   22    2    0
   22    3  120
   22    4  121
   22    5  122
   22    6  123
   22    7  124
   22    8  125
   22    9  126
   22   10  127
   22   11  128
   23    1  129
   23    2  130
   23    3  131
   23    4  132
   23    5  133
   23    6  134
   23    7  135
   23    8  136
   23    9  137
   23   10  138
   24    1  139
   24    2  140
   24    3  141
   24    4  142
   24    5  143
   24    6  144
   24    7  145
   24    8  146
   24    9  147
   24   10  148
   24   11  149
   24   12  150
   25    1  151
   25    2  152
   25    3  153
   25    4  154
   25    5  155
   25    6  156
   25    7  157
   25    8  158
   25    9  159
   26    1  160
   26    2  161
   26    3  162
   26    4  163
   26    5  164
   26    6  165
   26    7  166
   26    8  167
   26    9  168
   26   10  169
   26   11    0
   26   12  170
   27    1  171
   27    2  172
   27    3  173
   27    4  174
   27    5  175
   27    6  176
   27    7  177
   27    8  178
   27    9  179
   27   10  180
   27   11  181
   27   12  182
   28    1  183
   28    2  184
   28    3  185
   28    4  186
   28    5  187
   28    6  188
   28    7  189
   28    8  190
   28    9  191
   28   10  192
   28   11  193
   28   12  194
   28   13    0
   28   14  195
   29    1  196
   29    2  197
   29    3  198
   29    4  199
   29    5  200
   29    6  201
   29    7  202
   29    8  203
   29    9  204
   29   10  205
   29   11    0
   29   12  206
   29   13    0
   29   14  207
   30    1  208
   30    2  209
   30    3  210
   30    4  211
   30    5  212
   30    6  213
   30    7  214
   30    8  215
   30    9  216
   30   10  217
   30   11  218
   30   12  219
   30   13  220
   30   14    0
   30   15  221
   31    1  222
   31    2  223
   31    3  224
   31    4  225
   31    5  226
   31    6  227
   31    7  228
   31    8  229
   31    9  230
   31   10  231
   31   11  232
   31   12    0
   31   13  233
   31   14  234
   31   15  235
   31   16  236
   31   17  237
   32    1  238
   32    2  239
   32    3  240
   32    4  241
   32    5  242
   32    6  243
   32    7  244
   32    8  245
   32    9  246
   32   10  247
   32   11  248
   32   12  249
   32   13  250
   32   14  251
   32   15  252
   32   16  253
   32   17  254
   32   18  255
   33    1  256
   33    2  257
   33    3  258
   33    4  259
   33    5  260
   33    6  261
   33    7  262
   33    8  263
   33    9  264
   33   10  265
   33   11  266
   33   12  267
   33   13  268
   33   14  269
   33   15    0
   33   16  270
   34    1  271
   34    2  272
   34    3  273
   34    4  274
   34    5  275
   34    6  276
   34    7  277
   34    8  278
   34    9  279
   34   10  280
   34   11  281
   34   12  282
   34   13  283
   34   14  284
   34   15  285
   34   16  286
   35    1  287
   35    2  288
   35    3  289
   35    4  290
   35    5  291
   35    6  292
   35    7  293
   35    8  294
   35    9  295
   35   10  296
   35   11  297
   35   12  298
   35   13  299
   35   14  300
   35   15    0
   35   16  301
   35   17  302
   36    1  303
   36    2  304
   36    3  305
   36    4  306
   36    5  307
   36    6  308
   36    7  309
   36    8  310
   36    9  311
   36   10  312
   36   11  313
   36   12  314
   36   13  315
   36   14  316
   36   15  317
   36   16  318
   36   17  319
   36   18  320
   36   19  321
   36   20  322
   36   21  323
   37    1  324
   37    2  325
   37    3    0
   37    4  326
   37    5  327
   37    6  328
   37    7  329
   37    8  330
   37    9  331
   37   10  332
   37   11  333
   37   12  334
   37   13  335
   37   14  336
   37   15  337
   37   16  338
   37   17  339
   37   18  340
   37   19  341
   37   20  342
   37   21  343
   38    1  344
   38    2  345
   38    3  346
   38    4  347
   38    5  348
   38    6  349
   38    7  350
   38    8  351
   38    9  352
   38   10  353
   38   11  354
   38   12  355
   38   13  356
   38   14  357
   38   15  358
   38   16  359
   38   17  360
   38   18  361
   38   19  362
   38   20  363
   38   21  364
   38   22  365
   38   23  366
   38   24  367
   39    1  368
   39    2  369
   39    3  370
   39    4  371
   39    5  372
   39    6  373
   39    7  374
   39    8  375
   39    9  376
   39   10  377
   39   11  378
   39   12  379
   39   13    0
   39   14  380
   39   15  381
   39   16  382
   39   17    0
   39   18  383
   39   19  384
   39   20  385
   39   21  386
   39   22  387
   40    1  388
   40    2  389
   40    3  390
   40    4  391
   40    5    0
   40    6  392
   40    7  393
   40    8  394
   40    9  395
   40   10  396
   40   11  397
   40   12  398
   40   13  399
   40   14  400
   40   15  401
   40   16  402
   40   17  403
   40   18  404
   40   19  405
   40   20  406
   40   21  407
   40   22  408
   41    1  409
   41    2    0
   41    3  410
   41    4  411
   41    5  412
   41    6  413
   41    7  414
   41    8  415
   41    9  416
   41   10  417
   41   11  418
   41   12  419
   41   13  420
   41   14  421
   41   15    0
   41   16  422
   41   17    0
   41   18  423
   41   19    0
   41   20  424
   42    1  425
   42    2  426
   42    3  427
   42    4  428
   42    5  429
   42    6  430
   42    7  431
   42    8  432
   42    9  433
   42   10  434
   42   11  435
   42   12  436
   42   13  437
   42   14  438
   42   15  439
   42   16  440
   42   17  441
   42   18  442
   42   19  443
   42   20  444
   42   21  445
   42   22  446
   42   23  447
   43    1  448
   43    2  449
   43    3  450
   43    4  451
   43    5  452
   43    6  453
   43    7  454
   43    8  455
   43    9  456
   43   10  457
   43   11  458
   43   12  459
   43   13  460
   43   14  461
   43   15  462
   43   16  463
   43   17  464
   43   18    0
   43   19  465
   43   20  466
   43   21  467
   44    1  468
   44    2  469
   44    3  470
   44    4  471
   44    5  472
   44    6  473
   44    7  474
   44    8  475
   44    9  476
   44   10  477
   44   11  478
   44   12  479
   44   13  480
   44   14  481
   44   15  482
   44   16  483
   44   17  484
   44   18  485
   44   19  486
   44   20  487
   44   21  488
   44   22  489
   45    1  490
   45    2  491
   45    3    0
   45    4  492
   45    5  493
   45    6  494
   45    7  495
   45    8  496
   45    9  497
   45   10  498
   45   11  499
   45   12  500
   45   13  501
   45   14  502
   45   15  503
   45   16  504
   45   17    0
   45   18  505
   45   19    0
   45   20  506
   45   21    0
   45   22  507
   46    1  508
   46    2    0
   46    3  509
   46    4  510
   46    5  511
   46    6  512
   46    7  513
   46    8  514
   46    9  515
   46   10  516
   46   11  517
   46   12  518
   46   13  519
   46   14  520
   46   15  521
   46   16  522
   46   17  523
   46   18    0
   46   19  524
   46   20  525
   46   21  526
   46   22  527
   46   23    0
   46   24  528
   47    1  529
   47    2  530
   47    3  531
   47    4  532
   47    5  533
   47    6  534
   47    7  535
   47    8  536
   47    9  537
   47   10  538
   47   11  539
   47   12  540
   47   13  541
   47   14  542
   47   15    0
   47   16    0
   47   17    0
   47   18  543
   48    1  544
   48    2  545
   48    3  546
   48    4  547
   48    5  548
   48    6  549
   48    7  550
   48    8  551
   48    9  552
   48   10  553
   48   11  554
   48   12  555
   48   13  556
   48   14  557
   48   15  558
   48   16  559
   48   17  560
   48   18  561
   48   19  562
   48   20  563
   48   21  564
   48   22  565
   48   23  566
   48   24  567
   49    1  568
   49    2  569
   49    3  570
   49    4  571
   49    5  572
   49    6  573
   49    7  574
   49    8  575
   49    9  576
   49   10  577
   49   11  578
   49   12  579
   49   13  580
   49   14  581
   49   15  582
   49   16  583
   49   17    0
   49   18  584
   49   19    0
   49   20  585
   49   21    0
   49   22  586
   49   23    0
   49   24  587
   49   25    0
   49   26  588
   50    1  589
   50    2  590
   50    3  591
   50    4  592
   50    5  593
   50    6  594
   50    7  595
   50    8  596
   50    9  597
   50   10  598
   50   11  599
   50   12  600
   50   13  601
   50   14  602
   50   15  603
   50   16  604
   50   17  605
   50   18  606
   50   19  607
   50   20  608
   50   21  609
   50   22  610
   50   23  611
   50   24  612
   50   25  613
   50   26    0
   50   27  614
   50   28  615
   50   29  616
   51    1  617
   51    2  618
   51    3  619
   51    4  620
   51    5  621
   51    6  622
   51    7  623
   51    8  624
   51    9  625
   51   10  626
   51   11  627
   51   12  628
   51   13  629
   51   14  630
   51   15  631
   51   16  632
   51   17  633
   51   18  634
   51   19  635
   51   20    0
   51   21    0
   51   22  636
   51   23    0
   51   24  637
   51   25  638
   51   26  639
   51   27  640
   51   28  641
   51   29  642
   51   30  643
   52    1  644
   52    2  645
   52    3  646
   52    4  647
   52    5  648
   52    6  649
   52    7  650
   52    8  651
   52    9  652
   52   10  653
   52   11  654
   52   12  655
   52   13  656
   52   14  657
   52   15  658
   52   16  659
   52   17  660
   52   18  661
   52   19  662
   52   20  663
   52   21  664
   52   22  665
   52   23    0
   52   24  666
   52   25  667
   52   26  668
   52   27  669
   52   28  670
   52   29  671
   53    1  672
   53    2  673
   53    3    0
   53    4  674
   53    5  675
   53    6  676
   53    7  677
   53    8  678
   53    9  679
   53   10  680
   53   11  681
   53   12  682
   53   13  683
   53   14  684
   53   15  685
   53   16  686
   53   17  687
   53   18  688
   53   19  689
   53   20  690
   53   21  691
   53   22  692
   53   23    0
   53   24  693
   53   25    0
   53   26  694
   54    1  695
   54    2  696
   54    3  697
   54    4  698
   54    5  699
   54    6  700
   54    7  701
   54    8  702
   54    9  703
   54   10  704
   54   11  705
   54   12  706
   54   13  707
   54   14  708
   54   15  709
   54   16  710
   54   17  711
   54   18  712
   54   19  713
   54   20  714
   54   21  715
   54   22  716
   54   23  717
   54   24  718
   54   25  719
   54   26  720
   54   27  721
   54   28  722
   54   29    0
   54   30  723
   55    1  724
   55    2    0
   55    3    0
   55    4  725
   55    5  726
   55    6  727
   55    7  728
   55    8  729
   55    9  730
   55   10  731
   55   11  732
   55   12    0
   55   13  733
   55   14  734
   55   15  735
   55   16  736
   55   17  737
   55   18  738
   55   19    0
   55   20    0
   55   21  739
   55   22  740
   55   23  741
   55   24  742
   55   25  743
   55   26  744
   55   27  745
   56    1  746
   56    2  747
   56    3  748
   56    4  749
   56    5  750
   56    6  751
   56    7  752
   56    8  753
   56    9  754
   56   10  755
   56   11  756
   56   12  757
   56   13  758
   56   14  759
   56   15  760
   56   16  761
   56   17  762
   56   18  763
   56   19  764
   56   20  765
   56   21  766
   56   22  767
   56   23  768
   56   24  769
   56   25  770
   56   26  771
   56   27  772
   56   28  773
   56   29  774
   57    1  775
   57    2  776
   57    3  777
   57    4  778
   57    5  779
   57    6  780
   57    7  781
   57    8  782
   57    9  783
   57   10  784
   57   11  785
   57   12  786
   57   13  787
   57   14  788
   57   15  789
   57   16  790
   57   17  791
   57   18  792
   57   19  793
   57   20  794
   57   21  795
   57   22  796
   57   23  797
   57   24  798
   57   25  799
   57   26  800
   58    1  801
   58    2    0
   58    3  802
   58    4  803
   58    5  804
   58    6  805
   58    7  806
   58    8  807
   58    9  808
   58   10  809
   58   11  810
   58   12  811
   58   13  812
   58   14  813
   58   15  814
   58   16  815
   58   17  816
   58   18  817
   58   19  818
   58   20  819
   58   21  820
   58   22  821
   58   23  822
   58   24  823
   58   25  824
   58   26  825
   59    1  826
   59    2  827
   59    3  828
   59    4  829
   59    5  830
   59    6  831
   59    7  832
   59    8  833
   59    9  834
   59   10    0
   59   11  835
   59   12  836
   59   13  837
   59   14  838
   59   15  839
   59   16  840
   59   17  841
   59   18  842
   59   19  843
   59   20    0
   59   21  844
   59   22    0
   59   23  845
   59   24    0
   59   25  846
   60    1  847
   60    2  848
   60    3  849
   60    4  850
   60    5  851
   60    6  852
   60    7  853
   60    8  854
   60    9  855
   60   10  856
   60   11  857
   60   12  858
   60   13  859
   60   14  860
   60   15  861
   60   16  862
   60   17  863
   60   18  864
   60   19  865
   60   20  866
   60   21  867
   60   22  868
   60   23    0
   60   24  869
   60   25    0
   60   26  870
   61    1  871
   61    2    0
   61    3  872
   61    4  873
   61    5  874
   61    6    0
   61    7  875
   61    8    0
   61    9  876
   61   10  877
   61   11  878
   61   12  879
   61   13  880
   61   14  881
   61   15  882
   61   16  883
   61   17  884
   61   18    0
   61   19  885
   61   20    0
   61   21  886
   61   22  887
   61   23  888
   62    1  889
   62    2  890
   62    3  891
   62    4  892
   62    5  893
   62    6  894
   62    7  895
   62    8  896
   62    9  897
   62   10  898
   62   11  899
   62   12  900
   62   13  901
   62   14  902
   62   15  903
   62   16  904
   62   17  905
   62   18  906
   62   19  907
   62   20  908
   62   21  909
   62   22  910
   63    1  911
   63    2    0
   63    3  912
   63    4  913
   63    5  914
   63    6  915
   63    7  916
   63    8  917
   63    9  918
   63   10  919
   63   11  920
   63   12  921
   63   13  922
   63   14  923
   63   15  924
   63   16  925
   63   17  926
   63   18  927
   63   19  928
   63   20    0
   63   21  929
   64    1  930
   64    2  931
   64    3  932
   64    4  933
   64    5  934
   64    6  935
   64    7  936
   64    8  937
   64    9  938
   64   10  939
   64   11  940
   64   12  941
   64   13  942
   64   14  943
   64   15  944
   64   16  945
   64   17  946
   64   18  947
   64   19  948
   64   20  949
   64   21  950
   64   22  951
   64   23  952
   64   24  953
   64   25  954
   65    1  955
   65    2  956
   65    3  957
   65    4    0
   65    5  958
   65    6  959
   65    7  960
   65    8  961
   65    9  962
   65   10  963
   65   11  964
   65   12  965
   65   13  966
   65   14  967
   65   15    0
   65   16  968
   65   17  969
   65   18  970
   65   19  971
   65   20  972
   65   21    0
   65   22  973
   66    1  974
   66    2    0
   66    3    0
   66    4  975
   66    5  976
   66    6  977
   66    7  978
   66    8  979
   66    9  980
   66   10  981
   66   11  982
   66   12  983
   66   13  984
   66   14  985
   66   15  986
   66   16  987
   66   17  988
   66   18  989
   66   19  990
   66   20  991
   66   21  992
   66   22  993
   66   23  994
   66   24  995
   67    1  996
   67    2  997
   67    3  998
   67    4    0
   67    5  999
   67    6 1000
   67    7 1001
   67    8    0
   67    9 1002
   67   10    0
   67   11 1003
   67   12 1004
   67   13 1005
   67   14    0
   67   15 1006
   67   16 1007
   67   17 1008
   67   18 1009
   67   19 1010
   67   20 1011
   67   21 1012
   67   22    0
   67   23 1013
   68    1 1014
   68    2    0
   68    3 1015
   68    4 1016
   68    5 1017
   68    6 1018
   68    7 1019
   68    8 1020
   68    9 1021
   68   10    0
   68   11 1022
   68   12 1023
   68   13 1024
   68   14 1025
   68   15 1026
   68   16 1027
   68   17 1028
   68   18 1029
   68   19 1030
   68   20 1031
   68   21 1032
   68   22 1033
   68   23 1034
   68   24 1035
   68   25 1036
   69    1 1037
   69    2    0
   69    3 1038
   69    4    0
   69    5    0
   69    6    0
   69    7    0
   69    8    0
   69    9 1039
   69   10    0
   69   11 1040
   69   12 1041
   69   13 1042
   69   14 1043
   69   15 1044
   69   16 1045
   69   17 1046
   69   18 1047
   69   19 1048
   69   20 1049
   69   21 1050
   69   22    0
   69   23 1051
   69   24    0
   69   25 1052
   70    1 1053
   70    2    0
   70    3 1054
   70    4 1055
   70    5 1056
   70    6 1057
   70    7 1058
   70    8 1059
   70    9 1060
   70   10 1061
   70   11 1062
   70   12 1063
   70   13 1064
   70   14 1065
   70   15 1066
   70   16 1067
   70   17 1068
   70   18 1069
   70   19 1070
   70   20 1071
   70   21 1072
   70   22 1073
   70   23 1074
   70   24 1075
   70   25 1076
   71    1 1077
   71    2    0
   71    3 1078
   71    4 1079
   71    5 1080
   71    6    0
   71    7 1081
   71    8    0
   71    9 1082
   71   10 1083
   71   11 1084
   71   12 1085
   71   13 1086
   71   14 1087
   71   15 1088
   71   16 1089
   71   17 1090
   71   18 1091
   71   19 1092
   71   20 1093
   71   21 1094
   71   22 1095
   71   23 1096
   72    1 1097
   72    2 1098
   72    3    0
   72    4 1099
   72    5    0
   72    6 1100
   72    7 1101
   72    8 1102
   72    9 1103
   72   10 1104
   72   11 1105
   72   12 1106
   72   13 1107
   72   14 1108
   72   15 1109
   72   16 1110
   72   17 1111
   72   18 1112
   72   19 1113
   72   20 1114
   72   21 1115
   72   22 1116
   72   23 1117
   72   24 1118
   72   25 1119
   72   26 1120
   73    1 1121
   73    2 1122
   73    3 1123
   73    4 1124
   73    5 1125
   73    6    0
   73    7 1126
   73    8 1127
   73    9 1128
   73   10 1129
   73   11 1130
   73   12 1131
   73   13 1132
   73   14 1133
   73   15 1134
   73   16 1135
   73   17 1136
   73   18 1137
   73   19 1138
   73   20 1139
   73   21 1140
   73   22    0
   73   23 1141
   74    1 1142
   74    2    0
   74    3    0
   74    4 1143
   74    5 1144
   74    6 1145
   74    7 1146
   74    8 1147
   74    9 1148
   74   10 1149
   74   11 1150
   74   12 1151
   74   13 1152
   74   14 1153
   74   15 1154
   74   16 1155
   74   17 1156
   74   18 1157
   74   19 1158
   74   20 1159
   74   21 1160
   74   22 1161
   74   23 1162
   74   24 1163
   74   25 1164
   74   26 1165
   75    1 1166
   75    2    0
   75    3 1167
   75    4    0
   75    5 1168
   75    6 1169
   75    7 1170
   75    8 1171
   75    9 1172
   75   10 1173
   75   11 1174
   75   12    0
   75   13 1175
   75   14 1176
   75   15 1177
   75   16 1178
   75   17 1179
   75   18 1180
   75   19 1181
   75   20 1182
   75   21 1183
   75   22    0
   75   23 1184
   76    1 1185
   76    2 1186
   76    3    0
   76    4 1187
   76    5 1188
   76    6 1189
   76    7 1190
   76    8 1191
   76    9 1192
   76   10 1193
   76   11 1194
   76   12 1195
   76   13 1196
   76   14 1197
   76   15 1198
   76   16 1199
   76   17 1200
   76   18 1201
   76   19 1202
   76   20 1203
   76   21 1204
   76   22 1205
   76   23 1206
   76   24 1207
   76   25 1208
   76   26 1209
   76   27 1210
   77    1 1211
   77    2    0
   77    3 1212
   77    4    0
   77    5 1213
   77    6    0
   77    7 1214
   77    8 1215
   77    9 1216
   77   10    0
   77   11 1217
   77   12    0
   77   13 1218
   77   14 1219
   77   15 1220
   77   16 1221
   77   17 1222
   77   18 1223
   77   19 1224
   77   20 1225
   77   21 1226
   77   22 1227
   77   23 1228
   77   24 1229
   77   25 1230
   77   26 1231
   77   27 1232
   77   28    0
   77   29 1233
   78    1 1234
   78    2 1235
   78    3 1236
   78    4 1237
   78    5 1238
   78    6 1239
   78    7 1240
   78    8 1241
   78    9 1242
   78   10 1243
   78   11 1244
   78   12 1245
   78   13 1246
   78   14 1247
   78   15 1248
   78   16 1249
   78   17 1250
   78   18 1251
   78   19 1252
   78   20 1253
   78   21 1254
   78   22 1255
   78   23 1256
   78   24 1257
   79    1 1258
   79    2 1259
   79    3    0
   79    4 1260
   79    5    0
   79    6 1261
   79    7 1262
   79    8 1263
   79    9 1264
   79   10 1265
   79   11 1266
   79   12 1267
   79   13    0
   79   14 1268
   79   15    0
   79   16 1269
   79   17 1270
   79   18 1271
   79   19 1272
   79   20 1273
   79   21 1274
   79   22 1275
   79   23 1276
   79   24 1277
   79   25    0
   79   26 1278
   80    1 1279
   80    2 1280
   80    3 1281
   80    4 1282
   80    5 1283
   80    6 1284
   80    7 1285
   80    8 1286
   80    9 1287
   80   10 1288
   80   11 1289
   80   12    0
   80   13 1290
   80   14 1291
   80   15 1292
   80   16 1293
   80   17 1294
   80   18 1295
   80   19 1296
   80   20 1297
   80   21 1298
   80   22 1299
   80   23 1300
   80   24 1301
   80   25 1302
   80   26 1303
   80   27 1304
   80   28 1305
